3 0.2 0.5
1
45
289
67
3
512
8
24
5
901
4
62
4
7
8
23
678
34
5
2
7
8
789
12
456
78
345
4
64
13
4
90
123
4
567
32
890
76
432
19
65
4
87
321
5
876
43
210
98
54
21
6
5
2
12
65
765
54
987
6
2
987
47
5
876
29
543
78
2
432
67
9
101
38
9
765
24
109
83
7
598
41
876
92
3
456
71
234
18
789
63
345
80
12
567
39
890
74
321
16
654
85
37
890
69
234
14
82
432
95
789
62
234
19
567
84
3
6
8
7
56
890
47
1
30
45
93
7
26
3
234
68
456
31
789
74
123
59
345
86
5
7
3
678
13
890
67
234
9
5
3
789
21
456
75
123
52
678
29
345
81
890
46
23
1
5
3
64
789
33
123
88
567
96
890
63
44
123
99
567
26
2
2
5
7
8
2
77
890
53
18
85
1
4
7
8
60
456
37
789